1000
1002
1003
1004
1005
1006
1007
1008
1009
1010
1011
1012
1013
1014
1015
1016
1017
1018
1020
1021
1022
1023
1024
1025
1026
1027
1028
1029
1030
1031
1032
1033
1034
1035
1036
1037
1038
1039
1040
1041
1042
1043
1044
1045
1046
1047
1048
1049
1050
1053
1054
1055
1056
1057
1058
1059
1060
1062
1063
1064
1065
1066
1067
1068
1069
1070
1071
1072
1073
1074
1075
1076
1077
1078
1079
1080
1081
1082
1083
1084
1085
1086
1087
1088
1089
1090
1091
1092
1093
1094
1095
1096
1097
1098
1101
1103
1107
1118
1119
1120
1121
1123
1125
1126
1128
1130
1132
1133
1134
1135
1137
1140
1141
1144
1148
1149
1150
1151
1152
1153
1154
1155
1156
1157
1158
1159
1160
1161
1162
1163
1164
1165
1467
1468
1469
1470
1471
1472
1473
1474
1475
1476
1477
1478
1479
1480
1481
1482
1483
1484
1485
1486
1487
1488
1490
1491
1492
1493
1494
1495
1496
1497
1498
1500
1501
1502
1503
1504
1505
1506
1507
1508
1509
1510
1511
1512
1513
1514
1515
1517
1518
1519
1520
1521
1522
1523
1524
1525
1526
1527
1528
1529
1530
1531
1532
1533
1534
1535
1536
1538
1539
1540
1541
1542
1543
1544
1545
1546
1547
1548
1552
1553
1554
1555
1556
1557
1558
1559
1560
1561
1562
1563
1564
1565
1567
1569
1570
1571
1572
1573
1574
1575
1576
1577
1578
1581
1582
1583
1584
1585
1586
1587
1588
1589
1590
1591
1592
1593
1594
1595
1596
1597
1598
1599
1600
1601
1602
1603
1604
1605
1606
1607
1608
1609
1610
1611
1612
1613
1614
1615
1616
1617
1618
1619
1620
1622
1626
1629
1631
1638
1646
1647
1648
1649
1651
1653
1654
1656
1658
1660
1661
1662
1663
1665
1668
1669
1675
1676
1677
1678
1679
1680
1681
1682
1683
1684
1685
1686
1687
1688
1689
1690
1691
1692
1693
1694
1695
1696
1697
1698
1699
1700
1701
1702
1703
1704
1705
1706
1707
1708
1709
1710
1711
1712
1713
1714
1715
1716
1717
1719
1720
1721
1722
1723
1724
1726
1727
1728
1729
1730
1731
1732
1733
1734
1736
1737
1738
1739
1740
1741
1743
1744
1745
1746
1747
1748
1749
1750
1751
1752
1753
1754
1755
1756
1757
1758
1759
1760
1762
1763
1764
1765
1766
1767
1768
1769
1770
1771
1775
1776
1777
1778
1779
1780
1781
1782
1783
1784
1785
1786
1787
1788
1790
1792
1793
1794
1795
1796
1797
1798
1799
1800
1804
1805
1806
1807
1809
1810
1811
1812
1813
1814
1815
1816
1817
1818
1819
1820
1821
1822
1823
1824
1825
1826
1827
1828
1829
1830
1831
1832
1833
1834
1835
1836
1837
1838
1839
1840
1841
1843
1847
1849
1853
1861
1869
1870
1871
1872
1873
1875
1876
1878
1880
1882
1883
1884
1885
1887
1890
1891
1894
1898
1899
1900
1901
1902
1903
1904
1905
1907
1908
1909
1910
1911
1912
1913
1914
1915
1916
1917
1918
2020
2021
2022
2023
2024
2025
2026
2027
2028
2029
2030
2031
2032
2033
2034
2035
2036
2037
2038
2039
2040
2041
2042
2043
2044
2045
2046
2047
2048
2049
2050
2051
2052
2053
2054
2055
2056
2057
2058
2059
2060
2061
2062
2063
2064
2065
2066
2067
2068
2069
2070
2072
2073
2074
2075
2076
2077
2078
2079
2080
2081
2082
2083
2084
2085
2086
2087
2088
2089
2090
2091
2092
2093
2094
2095
2096
2097
2098
2099
2100
2101
2102
2103
2104
2105
2109
2110
2111
2113
2114
2115
2116
2117
2118
2119
2120
2122
2123
2125
2127
2128
2129
2130
2131
2132
2133
2134
2135
2136
2137
2140
2141
2142
2143
2144
2145
2146
2147
2148
2149
2150
2151
2152
2153
2154
2155
2156
2157
2158
2159
2160
2161
2162
2163
2164
2165
2166
2167
2168
2169
2170
2171
2172
2173
2174
2175
2176
2177
2178
2179
2180
2181
2182
2183
2184
2185
2187
2191
2193
2198
2206
2214
2215
2216
2217
2218
2220
2222
2223
2225
2227
2229
2230
2231
2232
2234
2237
2238
2239
2242
2246
2247
2248
2249
2250
2251
2252
2253
2254
2255
2256
2257
2258
2259
2260
2261
2262
2263
2264
2265
2266
2267
1268
1269
1270
1271
1272
1273
1274
1275
1276
1279
1280
1281
1282
1283
1284
1285
1286
1288
1289
1290
1292
1293
1294
1295
1296
1297
1298
1299
1301
1302
1303
1306
1307
1308
1309
1310
1311
1312
1313
7153
7154
7155
7156
7157
7158
7159
7160
7161
7162
7163
7164
7165
7166
7167
7168
7169
7170
7171
7172
7174
7175
7176
7177
7178
2379
2380
2381
2382
2383
2384
2385
2386
2387
2388
2389
2390
2391
2392
2393
2394
2395
2396
2397
2398
2399
2400
2401
2402
2403
2404
2405
2406
2407
2410
2411
2412
2413
2414
2415
2416
2419
2420
2421
2422
2423
2424
2425
2428
2429
2430
2431
2432
2433
2434
2435
2436
2437
2438
2439
2440
2441
2442
2443
2444
2445
2446
2447
2451
2453
2463
2464
2465
2466
2468
2469
2471
2472
2473
2474
2476
2479
2480
2481
2482
2483
2484
2485
2486
2487
2744
2745
2746
2747
2749
2750
2751
2752
2753
2755
2756
2757
2758
2759
2761
2762
2763
2764
2766
2767
2771
2772
2773
2774
2776
2777
2778
2779
2780
2781
2782
2783
2784
2785
2786
2787
2788
2789
2790
2791
2792
2793
2794
2795
2796
2798
2799
2800
2801
2802
2803
2806
2807
2808
2809
2811
2812
2813
2815
2816
2817
2818
2819
2821
2822
2823
2824
2825
2826
2827
2828
2829
2830
2832
2833
2834
2835
2836
2837
2838
2840
2841
2842
2893
2894
2895
2896
2897
2898
2899
2901
2902
2903
2904
2905
2906
2907
2908
2910
2911
2912
2914
2915
2916
2917
2918
2919
2922
2923
2924
2925
2926
2927
2928
2929
2931
2932
2933
2935
2936
2937
2940
2942
2944
2945
2946
2947
2948
2949
2950
4563
4565
4566
4568
4570
4571
4572
4573
4574
4576
4577
4578
4579
4580
4581
4582
4583
4584
4585
4587
4588
4589
4590
4591
4592
4594
4595
4597
4598
4599
4600
4602
4603
4604
4605
4606
4607
4608
4609
4610
4611
4612
6126
6127
6128
6129
6130
6131
6132
6133
6134
6135
6136
6137
6138
6139
6140
6141
6142
6143
6144
6146
6147
6148
6149
6150
6151
6153
6154
6155
6156
6157
6158
6159
6160
6161
6162
6163
6164
6166
6167
6168
6169
6171
6172
6173
6174
6175
6176
6337
6338
6339
6340
6341
6342
6343
6344
6345
6346
6347
6348
6349
6350
6351
6352
6353
6354
6355
6356
6357
6361
6362
6363
6364
6366
6367
6369
6370
6371
6372
6374
6375
6376
6377
6378
6379
6380
6381
6382
6383
6384
6385
6386
6387
6388
6799
6800
6801
6803
6804
6805
6806
6808
6809
6810
6811
6812
6814
6815
6816
6817
6819
6820
6821
6822
6823
6825
6826
6827
6828
6829
6830
6831
6832
6833
6834
6835
6837
6838
6840
6843
6844
6845
6846
6847
1318
1320
1321
1322
1323
1324
1325
1326
1327
1328
1329
1330
1331
1332
1333
1334
1335
1336
1337
1338
1339
1340
1341
1342
1343
1344
1345
1346
1347
1348
1349
1350
1352
1353
1354
1355
1356
1357
1359
1360
1361
1362
1364
1365
1366
1367
1368
1369
1370
1371
1372
1373
1374
1375
1376
1377
1379
1380
1381
1383
1384
1385
1386
1389
1390
1391
1392
1393
1395
1396
1397
1398
1399
1400
1401
1402
1403
1406
1408
1409
1410
1411
1412
1413
1414
1415
1416
1417
1418
1419
1420
1421
1422
1423
1424
1425
1426
1427
1428
1430
1431
1433
1437
1438
1442
1450
1451
1452
1453
1454
1455
1456
1457
1459
1461
1462
1463
1464
1466
2488
2489
2490
2491
2492
2493
2494
2495
2496
2497
2498
2499
2500
2501
2502
2503
2504
2505
2506
2507
2508
2509
2510
2511
2512
2513
2514
2515
2516
2517
2518
2519
2520
2521
2522
2523
2524
2525
2526
2527
2528
2529
2530
2531
2532
2533
2534
2535
2536
2537
2538
2539
2540
2541
2542
2543
2544
2545
2546
2547
2548
2549
2554
2557
2562
2567
2568
2569
2570
2571
2573
2574
2576
2577
2578
2580
2581
2582
2583
2585
2587
2588
3304
3305
3306
3307
3308
3309
3310
3311
3312
3313
3314
3315
3316
3317
3318
3319
3320
3321
3324
3325
3326
3327
3328
3329
3330
3331
3332
3333
3334
3335
3338
3339
3342
3343
3344
3345
3346
3347
3348
3349
3350
3351
3352
3353
3354
3355
3356
3357
3358
3359
3362
3363
3366
3367
3368
3369
3370
3371
3372
3373
3374
3375
3376
3377
3378
3379
3380
3381
3382
3383
3384
3385
3386
3387
3388
3389
3390
3391
3392
3393
3394
3395
3396
3397
3398
3399
3400
3401
3402
3403
3404
3405
4299
4300
4301
4302
4303
4304
4305
4306
4307
4308
4309
4310
4312
4313
4314
4315
4316
4317
4318
4319
4320
4321
4322
4323
4324
4325
4326
4327
4328
4330
4331
4332
4333
4334
4336
4337
4338
4340
4341
4342
4343
4345
4347
4349
4350
4351
4352
4353
4356
4357
4358
4359
4360
4361
4362
4363
4364
4366
4368
4369
4371
4372
4373
4374
4375
4376
4379
4380
4381
4382
4383
4385
4386
4387
4388
4389
4390
4391
4392
4393
4394
4395
4397
4398
4399
4401
4403
4405
4408
4410
4411
4412
4416
4417
4418
4419
4420
4421
4424
4428
4430
4431
4432
4433
4435
4436
4437
4439
4441
4442
4444
4445
4446
4447
5083
5084
5085
5086
5087
5088
5091
5092
5093
5094
5095
5096
5097
5098
5099
5100
5101
5102
5103
5104
5105
5106
5107
5108
5109
5110
5111
5112
5113
5114
5115
5117
5118
5119
5120
5121
5122
5123
5124
5125
5127
5128
5129
5130
5131
5132
5133
5134
5135
5136
5137
5138
5139
5140
5142
5143
5144
5145
5146
5147
5148
5149
5150
5151
5152
5154
5155
5156
5157
5158
5159
5160
5161
5162
5163
5164
5165
5168
5169
5170
5171
5172
5173
5174
5175
5176
5178
5179
5180
5181
5182
5183
5184
5185
5186
5187
5188
5189
5190
5191
5192
5193
5194
5195
5196
5197
5198
5199
5200
5201
5202
5203
5204
5205
5206
5207
5208
5209
5210
5213
5214
5215
5216
5217
5218
5219
5220
5221
5222
5223
5224
5225
5226
5227
5228
5230
5231
5232
5233
5234
5235
5236
5237
5238
5240
5241
5242
5243
5244
5246
5247
5248
5250
5251
5252
5253
5254
5256
5257
5258
5259
5260
5261
5262
5263
5264
5265
5266
5267
5268
5270
5271
5272
5273
5274
5275
5276
5277
5278
5279
5280
5281
5451
5452
5453
5454
5455
5456
5457
5458
5459
5460
5464
5466
5467
5468
5469
5470
5471
5474
5475
5476
5477
5479
5480
5481
5482
5483
5484
5486
5487
5488
5489
5490
5491
5492
5493
5494
5495
5496
5497
5498
5499
5500
5501
5502
5503
5504
5505
5506
5508
5509
5510
5511
5512
5513
5514
5517
5518
5519
5520
5521
5522
5523
5525
5526
5527
5528
5529
5530
5531
5532
5533
5534
5535
5536
5537
5538
5539
5540
5541
5542
5543
5544
5545
5546
5547
5548
5549
5550
5801
5802
5803
5804
5808
5810
5811
5812
5814
5815
5816
5817
5818
5819
5820
5821
5822
5823
5824
5825
5826
5827
5828
5829
5830
5831
5832
5833
5834
5835
5836
5837
5838
5839
5840
5841
5842
5843
5844
5846
5847
5848
5849
5850
5851
5852
5853
5854
5855
5856
5857
5858
5860
5861
5862
5863
5865
5866
5871
5872
5873
5874
5875
5876
5877
5878
5879
5880
5881
5882
5883
5884
5885
5886
5887
5888
5889
5890
5891
5892
5893
5894
5895
5896
5897
5898
5901
5902
5903
5904
5905
5906
5907
5908
5909
5910
5911
5912
5913
5914
5915
5916
5917
5918
5919
5920
5921
5922
5923
5924
5926
5927
5928
5929
5930
5933
5934
5935
5936
5937
